20
S2501 1
8
3 395
4 401
4 403
5 420
5 424
6 447
6 450
7 486
S2401 1
4
3 426
4 432
4 433
5 450
S2301 1
8
1 420
2 439
2 440
3 455
3 456
4 462
4 463
5 480
S2201 1
4
1 460
2 478
2 479
3 494
S2503 1
8
3 498
4 504
4 506
5 523
5 525
6 548
6 550
7 587
S2203 1
4
1 598
2 617
2 618
3 633
S2403 1
4
3 920
4 926
4 927
5 944
S2405 1
4
3 1026
4 1032
4 1033
5 1050
S2505 1
8
3 990
4 996
4 998
5 1015
5 1019
6 1042
6 1045
7 1081
S2303 1
8
1 1070
2 1089
2 1090
3 1105
3 1107
4 1113
4 1114
5 1131
S2205 1
4
1 1140
2 1159
2 1161
3 1176
S2202 1
4
3 415
2 430
2 432
1 447
S2402 1
4
5 462
4 479
4 480
3 486
S2302 1
8
5 492
4 509
4 510
3 516
3 517
2 532
2 533
1 549
S2502 1
8
7 447
6 482
6 484
5 507
5 509
4 526
4 527
3 533
S2304 1
8
5 984
4 1001
4 1002
3 1008
3 1010
2 1025
2 1027
1 1046
S2504 1
8
7 959
6 994
6 996
5 1019
5 1021
4 1038
4 1039
3 1045
S2306 1
8
5 1062
4 1079
4 1080
3 1086
3 1088
2 1103
2 1105
1 1124
S2308 1
8
5 1143
4 1160
4 1161
3 1167
3 1169
2 1184
2 1185
1 1202
S2506 1
8
7 1119
6 1154
6 1156
5 1179
5 1181
4 1198
4 1199
3 1205
7
∫º÷›ƒœ 0 HZN
«Æ«Â 15 QQI
…‹–À 36 SXI
µœµ¥ 42 DDA
…œ”› 64 SYU
”‡“¶ 96 YYA
ƒ˛≤® 144 NBO
